VCF	Danaus_plexippus_CA_1956_04_total_sites	Danaus_plexippus_CA_1956_05_total_sites	Danaus_plexippus_CA_1971_01_total_sites	Danaus_plexippus_CA_1973_02_total_sites	Danaus_plexippus_CA_2023_04_total_sites	Danaus_plexippus_CA_2023_06_total_sites	Danaus_plexippus_CA_2023_07_total_sites	Danaus_plexippus_CA_2024_01_total_sites	Danaus_plexippus_CA_2024_02_total_sites	Danaus_plexippus_CA_2024_03_total_sites	Danaus_plexippus_ID_1997_01_total_sites	Danaus_plexippus_ID_1997_02_total_sites	Danaus_plexippus_KS_2023_01_total_sites	Danaus_plexippus_KS_2023_02_total_sites	Danaus_plexippus_KS_2023_05_total_sites	Danaus_plexippus_KS_2023_06_total_sites	Danaus_plexippus_KS_2023_07_total_sites	Danaus_plexippus_KS_2023_08_total_sites	Danaus_plexippus_KS_2023_10_total_sites	Danaus_plexippus_KS_2023_11_total_sites	Danaus_plexippus_KS_2023_13_total_sites	Danaus_plexippus_KS_2023_15_total_sites	Danaus_plexippus_KS_2023_16_total_sites	Danaus_plexippus_KS_2023_17_total_sites	Danaus_plexippus_KS_2023_18_total_sites	Danaus_plexippus_KS_2023_19_total_sites	Danaus_plexippus_KS_2023_20_total_sites	Danaus_plexippus_MI_1969_02_total_sites	Danaus_plexippus_MI_1987_02_total_sites	Danaus_plexippus_MI_1987_03_total_sites	Danaus_plexippus_MI_1997_01_total_sites	Danaus_plexippus_MI_1997_06_total_sites	Danaus_plexippus_MI_2000_01_total_sites	Danaus_plexippus_MI_2000_02_total_sites	Danaus_plexippus_MI_2000_03_total_sites	Danaus_plexippus_MI_2002_01_total_sites	Danaus_plexippus_MN_1983_01_total_sites	Danaus_plexippus_MN_1996_03_total_sites	Danaus_plexippus_MN_1996_04_total_sites	Danaus_plexippus_NE_2024_02_total_sites	Danaus_plexippus_NE_2024_03_total_sites	Danaus_plexippus_NE_2024_04_total_sites	Danaus_plexippus_NE_2024_05_total_sites	Danaus_plexippus_NE_2024_06_total_sites	Danaus_plexippus_NE_2024_07_total_sites	Danaus_plexippus_NE_2024_08_total_sites	Danaus_plexippus_NE_2024_10_total_sites	Danaus_plexippus_NE_2024_11_total_sites	Danaus_plexippus_NE_2024_12_total_sites	Danaus_plexippus_NE_2024_13_total_sites	Danaus_plexippus_NE_2024_14_total_sites	Danaus_plexippus_NE_2024_15_total_sites	Danaus_plexippus_NE_2024_16_total_sites	Danaus_plexippus_NE_2024_17_total_sites	Danaus_plexippus_OR_1955_01_total_sites	Danaus_plexippus_CA_1956_04_het_sites	Danaus_plexippus_CA_1956_05_het_sites	Danaus_plexippus_CA_1971_01_het_sites	Danaus_plexippus_CA_1973_02_het_sites	Danaus_plexippus_CA_2023_04_het_sites	Danaus_plexippus_CA_2023_06_het_sites	Danaus_plexippus_CA_2023_07_het_sites	Danaus_plexippus_CA_2024_01_het_sites	Danaus_plexippus_CA_2024_02_het_sites	Danaus_plexippus_CA_2024_03_het_sites	Danaus_plexippus_ID_1997_01_het_sites	Danaus_plexippus_ID_1997_02_het_sites	Danaus_plexippus_KS_2023_01_het_sites	Danaus_plexippus_KS_2023_02_het_sites	Danaus_plexippus_KS_2023_05_het_sites	Danaus_plexippus_KS_2023_06_het_sites	Danaus_plexippus_KS_2023_07_het_sites	Danaus_plexippus_KS_2023_08_het_sites	Danaus_plexippus_KS_2023_10_het_sites	Danaus_plexippus_KS_2023_11_het_sites	Danaus_plexippus_KS_2023_13_het_sites	Danaus_plexippus_KS_2023_15_het_sites	Danaus_plexippus_KS_2023_16_het_sites	Danaus_plexippus_KS_2023_17_het_sites	Danaus_plexippus_KS_2023_18_het_sites	Danaus_plexippus_KS_2023_19_het_sites	Danaus_plexippus_KS_2023_20_het_sites	Danaus_plexippus_MI_1969_02_het_sites	Danaus_plexippus_MI_1987_02_het_sites	Danaus_plexippus_MI_1987_03_het_sites	Danaus_plexippus_MI_1997_01_het_sites	Danaus_plexippus_MI_1997_06_het_sites	Danaus_plexippus_MI_2000_01_het_sites	Danaus_plexippus_MI_2000_02_het_sites	Danaus_plexippus_MI_2000_03_het_sites	Danaus_plexippus_MI_2002_01_het_sites	Danaus_plexippus_MN_1983_01_het_sites	Danaus_plexippus_MN_1996_03_het_sites	Danaus_plexippus_MN_1996_04_het_sites	Danaus_plexippus_NE_2024_02_het_sites	Danaus_plexippus_NE_2024_03_het_sites	Danaus_plexippus_NE_2024_04_het_sites	Danaus_plexippus_NE_2024_05_het_sites	Danaus_plexippus_NE_2024_06_het_sites	Danaus_plexippus_NE_2024_07_het_sites	Danaus_plexippus_NE_2024_08_het_sites	Danaus_plexippus_NE_2024_10_het_sites	Danaus_plexippus_NE_2024_11_het_sites	Danaus_plexippus_NE_2024_12_het_sites	Danaus_plexippus_NE_2024_13_het_sites	Danaus_plexippus_NE_2024_14_het_sites	Danaus_plexippus_NE_2024_15_het_sites	Danaus_plexippus_NE_2024_16_het_sites	Danaus_plexippus_NE_2024_17_het_sites	Danaus_plexippus_OR_1955_01_het_sites	Danaus_plexippus_CA_1956_04_het	Danaus_plexippus_CA_1956_05_het	Danaus_plexippus_CA_1971_01_het	Danaus_plexippus_CA_1973_02_het	Danaus_plexippus_CA_2023_04_het	Danaus_plexippus_CA_2023_06_het	Danaus_plexippus_CA_2023_07_het	Danaus_plexippus_CA_2024_01_het	Danaus_plexippus_CA_2024_02_het	Danaus_plexippus_CA_2024_03_het	Danaus_plexippus_ID_1997_01_het	Danaus_plexippus_ID_1997_02_het	Danaus_plexippus_KS_2023_01_het	Danaus_plexippus_KS_2023_02_het	Danaus_plexippus_KS_2023_05_het	Danaus_plexippus_KS_2023_06_het	Danaus_plexippus_KS_2023_07_het	Danaus_plexippus_KS_2023_08_het	Danaus_plexippus_KS_2023_10_het	Danaus_plexippus_KS_2023_11_het	Danaus_plexippus_KS_2023_13_het	Danaus_plexippus_KS_2023_15_het	Danaus_plexippus_KS_2023_16_het	Danaus_plexippus_KS_2023_17_het	Danaus_plexippus_KS_2023_18_het	Danaus_plexippus_KS_2023_19_het	Danaus_plexippus_KS_2023_20_het	Danaus_plexippus_MI_1969_02_het	Danaus_plexippus_MI_1987_02_het	Danaus_plexippus_MI_1987_03_het	Danaus_plexippus_MI_1997_01_het	Danaus_plexippus_MI_1997_06_het	Danaus_plexippus_MI_2000_01_het	Danaus_plexippus_MI_2000_02_het	Danaus_plexippus_MI_2000_03_het	Danaus_plexippus_MI_2002_01_het	Danaus_plexippus_MN_1983_01_het	Danaus_plexippus_MN_1996_03_het	Danaus_plexippus_MN_1996_04_het	Danaus_plexippus_NE_2024_02_het	Danaus_plexippus_NE_2024_03_het	Danaus_plexippus_NE_2024_04_het	Danaus_plexippus_NE_2024_05_het	Danaus_plexippus_NE_2024_06_het	Danaus_plexippus_NE_2024_07_het	Danaus_plexippus_NE_2024_08_het	Danaus_plexippus_NE_2024_10_het	Danaus_plexippus_NE_2024_11_het	Danaus_plexippus_NE_2024_12_het	Danaus_plexippus_NE_2024_13_het	Danaus_plexippus_NE_2024_14_het	Danaus_plexippus_NE_2024_15_het	Danaus_plexippus_NE_2024_16_het	Danaus_plexippus_NE_2024_17_het	Danaus_plexippus_OR_1955_01_het
NC_083537.1_notrans.simple.vcf	5844123	5874164	6159369	6102416	5793111	5914586	5737740	5719787	5792181	5711138	6356778	6337325	6273236	5958387	6011131	6119438	6037857	5762164	5855515	5748496	5858715	5767088	5671785	5830814	5772125	5970858	5904098	5985683	6150893	6127993	6116846	6100271	6152196	6187495	6160232	6130120	5856900	6230335	6278372	5678899	5850854	5831373	5782483	5893517	5997188	5849694	5772923	5700569	5806266	5561432	5705302	5733374	5621458	5637963	5957872	21940	23533	23383	21811	19481	19928	18851	18341	19138	18698	22898	22608	22641	20471	20396	21576	20880	19806	19564	18760	19686	18810	18755	19262	19028	20637	20351	21329	22031	23052	21823	21746	21330	21907	21959	21342	21916	22553	23513	18346	19553	19514	18942	19448	20189	19654	18659	18528	18966	17535	18672	18557	18361	18458	20460	0.00375419887637546	0.00400618709317615	0.00379633043579626	0.00357415816948566	0.00336278728303324	0.00336929752986938	0.00328543991188168	0.00320658793762775	0.00330410945376189	0.00327395345726193	0.00360213932278271	0.0035674357871815	0.00360914207595569	0.00343566136271444	0.0033930386810735	0.00352581397180591	0.00345818060944471	0.00343725031082073	0.0033411237098701	0.00326346230387914	0.00336012248419662	0.00326161140596433	0.00330671913692074	0.00330348387034812	0.00329653290599216	0.00345628718686661	0.00344692787958465	0.00356333604703089	0.00358175634009566	0.00376175364430083	0.00356768831518727	0.00356475966395591	0.00346705469071532	0.00354052811355807	0.00356463847465485	0.0034814979152121	0.00374191124997866	0.00361986955757596	0.00374507913834988	0.00323055578202747	0.00334190530134575	0.00334638171833632	0.00327575541510455	0.00329989715818246	0.00336641105798251	0.00335983386481413	0.00323215812855983	0.00325020186581375	0.00326647108485901	0.0031529649198264	0.00327274524643919	0.00323666308878507	0.00326623448934422	0.00327387746248069	0.00343411204537459
NC_083538.1_notrans.simple.vcf	5133202	5188221	5413127	5358192	4993920	5104092	4911232	4879665	5006822	4904747	5565070	5541235	5507086	5152338	5233580	5328847	5249161	4998784	5037202	5007976	5085418	4983848	4857932	5021649	4984058	5140282	5138104	5261906	5367848	5370799	5321031	5361716	5367712	5387338	5410277	5358003	5056935	5443942	5543879	4845657	5031707	5053584	4966847	5061501	5169078	5052589	4956220	4822212	4999024	4735387	4937480	4954789	4908153	4897081	5177424	20443	22081	21473	20496	17665	18262	17039	16688	17857	17116	21554	21317	21342	18870	19005	20185	19533	17948	17575	17786	18050	17182	17177	17659	17287	18696	19010	20174	20405	21340	20266	20365	20197	20098	20711	19927	19675	20893	22052	16341	17518	17857	17623	17854	18448	18261	17081	16480	17284	15780	17337	17251	17293	17213	18857	0.00398250448745247	0.00425598678236721	0.00396683839119237	0.00382517087853515	0.00353730135845188	0.00357791356425394	0.00346939423753551	0.00341990689934657	0.00356653382125428	0.00348968050747572	0.00387308695128723	0.00384697635093982	0.00387537074961241	0.00366241500460568	0.00363135750289477	0.00378787381210232	0.0037211661063549	0.00359047320308299	0.00348904014569993	0.00355153459201881	0.00354936408373904	0.00344753692327695	0.00353586670212757	0.00351657393816254	0.00346845883414679	0.00363715453743588	0.00369980833396911	0.00383397194856769	0.00380133714665542	0.00397333804523312	0.00380866038931177	0.00379822429983237	0.0037626832438104	0.00373059941663211	0.00382808495757241	0.0037191095264411	0.00389069663739004	0.00383784397409083	0.00397772029295733	0.00337229812180268	0.00348152227464755	0.00353353184591371	0.00354812620561898	0.00352741212537546	0.00356891499799384	0.00361418670705256	0.00344637647239227	0.00341751876524715	0.0034574748991003	0.00333235699637643	0.00351130536224957	0.00348168206557333	0.00352332129825619	0.00351495104941086	0.00364215872603828
NC_083539.1_notrans.simple.vcf	4900961	4984090	5162787	5106123	4670837	4739612	4593125	4535282	4677255	4580728	5296062	5273782	5223713	4846945	4915596	5030463	4959566	4657975	4707702	4686717	4780070	4633973	4562992	4712720	4645902	4859512	4849502	4985650	5113866	5143779	5042137	5076325	5065932	5107231	5117927	5044091	4803295	5199234	5288177	4519199	4663882	4710252	4643730	4764770	4846089	4716977	4639582	4523520	4642168	4378215	4621614	4593925	4593327	4559648	4962768	20584	22560	21567	20767	17761	18139	17026	16681	17645	17050	22021	21401	21233	18471	19040	19881	19663	17832	17691	17786	18246	17063	16951	17917	17170	18523	18600	20151	20674	21751	20221	20559	20193	20161	20803	20052	19994	21055	22160	16843	17157	17911	16916	17990	18645	18297	17165	16566	17268	15549	17342	17052	17066	16727	19282	0.00419999261369352	0.0045264030143918	0.00417739488380985	0.00406707789843684	0.00380253046723746	0.00382710652264363	0.00370684446863519	0.00367805133175842	0.00377251186860669	0.00372211578596241	0.0041579951292111	0.00405799860517556	0.00406473326539953	0.00381085405342953	0.00387338585188856	0.00395212130573269	0.00396466142400363	0.00382827301563448	0.00375788442004188	0.00379498058022279	0.00381709891277743	0.00368215352139514	0.00371488707409524	0.00380183842876301	0.00369573012947755	0.00381169961098975	0.00383544537150413	0.00404179996590214	0.00404273400984695	0.00422860313399934	0.00401040273201621	0.00404997709957499	0.00398603850189857	0.0039475402620324	0.00406473167749364	0.00397534461610625	0.00416255924318619	0.00404963500392558	0.00419048000851711	0.00372698790205964	0.00367869512993682	0.00380255663603561	0.00364276131471899	0.00377562820450935	0.00384743243469115	0.00387896739797544	0.00369968673902089	0.00366219227504244	0.00371981367326646	0.0035514473364145	0.00375236876121632	0.00371185859586301	0.00371538973820066	0.00366848493567925	0.00388533173422574
NC_083540.1_notrans.simple.vcf	5973408	6008693	6254935	6197088	5711844	5823335	5668925	5564023	5741954	5631029	6410303	6382222	6283967	5923418	5963983	6087864	6036977	5693367	5738371	5704911	5778998	5700466	5584921	5747258	5719844	5891749	5854616	6067383	6230628	6219583	6173857	6149900	6184568	6205529	6226718	6155432	5905847	6293780	6358198	5588461	5759834	5763985	5680260	5850130	5924011	5794083	5700049	5603461	5701733	5441352	5642234	5645535	5527311	5555263	6017948	24247	25997	25481	24367	20652	21045	20762	19893	21008	20189	25509	24913	24416	22116	22460	23446	22760	20925	20793	20576	21354	20432	19922	21161	20459	21552	21804	23572	24572	25671	24244	23757	23530	23697	24505	23356	23972	24914	25270	19782	20682	20815	20550	21372	21801	21575	20867	19642	20372	18725	20267	20331	19925	20032	22372	0.00405915684982509	0.00432656486194252	0.00407374337223328	0.00393200806572377	0.00361564496509358	0.00361390852492601	0.00366242276974911	0.00357529075634662	0.00365868483098262	0.00358531273768968	0.00397937507790193	0.00390349943953689	0.00388544370140709	0.0037336551295215	0.00376593964134371	0.0038512686879996	0.00377009884251671	0.00367532955455006	0.00362350220994774	0.00360671708988975	0.00369510423779347	0.00358426837384873	0.00356710506737696	0.003681929713265	0.00357684580208831	0.0036579969716972	0.00372424083834021	0.00388503577242445	0.0039437437125118	0.00412744712949405	0.00392688071654397	0.003862989642108	0.00380463113995998	0.0038186913637822	0.00393546006098237	0.00379437219028656	0.00405902828163344	0.00395851141921071	0.00397439651926536	0.00353979387169384	0.00359072848280003	0.00361121689247977	0.00361779214331738	0.00365325214995222	0.00368010795388462	0.00372362632706504	0.00366084572255431	0.0035053335786579	0.00357294878592175	0.00344124033879815	0.0035920169209572	0.00360125302562113	0.00360482701262874	0.00360594988932117	0.00371754624666082
NC_083541.1_notrans.simple.vcf	4587691	4655345	4837514	4768473	4367896	4439066	4279087	4231014	4402441	4269598	4935049	4904366	4845002	4493406	4616053	4720056	4649323	4355056	4383068	4372104	4475823	4362650	4265478	4385347	4328294	4537068	4539362	4684727	4792274	4827296	4708429	4721553	4735574	4773601	4769360	4725522	4534031	4847438	4914544	4219581	4387652	4396795	4318987	4426667	4547836	4477253	4298271	4249425	4336967	4089163	4307944	4291003	4307466	4258206	4642628	19068	20699	20260	19072	16513	16870	15664	15423	16165	15410	20218	19672	19368	16898	17895	18579	18104	16191	15904	16285	16882	15942	15407	16325	15829	17141	17426	18551	19344	20391	18673	18821	18356	18915	18660	18248	18875	19571	20495	15299	16170	16248	15686	16318	17139	17064	15581	15208	15497	14260	15720	15669	16076	15691	17817	0.00415633921290689	0.00444628700987789	0.0041881015744864	0.00399960322728051	0.00378053873077564	0.00380034899233307	0.0036605939538037	0.00364522547077367	0.00367182660710274	0.00360923908995648	0.00409681849156918	0.00401111988787134	0.00399752156965054	0.00376062167540614	0.00387668859088056	0.00393618211309357	0.00389390025171407	0.00371774783148598	0.00362850861542645	0.00372475128679464	0.00377182028869327	0.00365420100168476	0.00361202191172947	0.00372262445822417	0.00365709907875944	0.0037779905436727	0.00383886546171026	0.003959889231539	0.00403649707842248	0.00422410392899047	0.00396586632186659	0.00398618844265859	0.00387619325555888	0.00396241747058458	0.00391247462971971	0.00386158396892449	0.00416296227352658	0.00403739047307052	0.00417027500415094	0.00362571544425857	0.00368534241092958	0.00369541904955769	0.00363187015844225	0.00368629490314044	0.0037686055521791	0.0038112655237486	0.0036249459375642	0.00357883713678909	0.00357323447469165	0.00348726622049549	0.00364907250419225	0.00365159381151679	0.0037321246412624	0.00368488513707416	0.00383769709741982
NC_083542.1_notrans.simple.vcf	5502101	5604901	5829167	5697030	5200213	5332413	5139815	5060423	5234166	5084568	5946819	5891362	5823384	5435787	5478277	5616695	5506109	5204873	5237564	5209242	5337349	5199205	5081119	5247548	5166814	5398502	5365187	5624749	5729687	5769064	5662923	5716101	5697718	5700705	5744061	5642855	5387156	5825340	5944630	5002251	5236447	5257932	5174371	5330441	5404866	5316013	5148825	5048929	5165562	4879869	5147467	5133281	5120119	5095213	5487834	24069	26357	25570	23938	20675	21416	19984	19329	20492	19613	25542	24752	24874	21746	22104	23559	22392	20991	20320	19961	21439	20023	19923	20667	20138	21879	21990	23932	24076	25218	23801	24430	23524	23881	24125	23220	23184	24310	25909	18963	19730	20798	19961	20934	21106	20970	19961	19285	20069	18250	19947	19847	20033	19650	22175	0.00437451075507338	0.00470249162295641	0.00438656157903865	0.00420183850181586	0.00397579868363084	0.00401619304431221	0.00388807768372986	0.00381964116438487	0.00391504587359285	0.00385735818657554	0.00429506934715854	0.00420140537960492	0.0042713995848462	0.0040005246710366	0.00403484526247943	0.00419445955317139	0.00406675567083761	0.00403295142840181	0.00387966619596438	0.00383184348125889	0.00401678810960273	0.00385116570706483	0.00392098669604077	0.00393841085398361	0.003897566275852	0.00405279094089434	0.00409864558308965	0.00425476763496469	0.00420197473265119	0.00437124635816139	0.00420295313921803	0.00427389229126637	0.00412867046070023	0.0041891309934473	0.00419999021598134	0.00411493827149555	0.00430356945297296	0.00417314697511218	0.00435838731762952	0.00379089333981841	0.00376782196019553	0.00395554754226567	0.00385766695121011	0.00392725479936838	0.00390499967991806	0.0039446856130713	0.00387680684428001	0.00381962194358447	0.00388515325147583	0.00373985449199558	0.00387510983557544	0.00386633811786263	0.0039126043750155	0.00385656105053901	0.00404075633483083
NC_083543.1_notrans.simple.vcf	5438144	5541827	5720311	5639779	5165991	5297138	5139449	5067949	5216367	5110803	5855398	5817447	5799105	5356313	5443820	5617904	5529927	5232759	5228126	5233201	5330159	5186550	5088131	5237387	5168910	5387477	5417546	5531344	5667940	5731771	5547510	5584455	5581411	5628608	5643855	5593746	5370716	5728847	5868889	5017652	5200622	5219044	5155155	5289847	5419670	5329704	5136940	5005967	5196352	4902517	5146690	5133716	5107210	5095085	5460578	22349	24354	23902	22541	19201	19941	18809	18135	19180	18670	23529	23229	23173	20103	20591	22033	21495	19859	19117	19458	19909	18731	18441	19518	18755	20222	20783	21819	22438	23734	21938	21854	21390	22045	22502	21758	22107	22969	23862	17898	18737	19241	18849	19656	20172	20052	18684	17638	19123	17251	18826	18475	18850	18714	20262	0.00410967418295654	0.00439457962148584	0.00417844414403343	0.00399678781739497	0.00371680864329806	0.003764485652441	0.00365973083885062	0.00357837065842612	0.00367688853180767	0.0036530463021173	0.00401834341576781	0.00399298867699181	0.00399596144577482	0.00375314138662173	0.00378245423250585	0.00392192533015872	0.00388703142012544	0.00379512987317016	0.00365656833825352	0.00371818319227563	0.00373516062091206	0.00361145655589939	0.00362431706259135	0.00372666751569055	0.0036284245614646	0.00375351950458443	0.00383623876936163	0.00394461093000182	0.00395875750272586	0.00414077952521132	0.0039545670039351	0.00391336307661177	0.00383236425341191	0.00391659891752988	0.00398699116118327	0.00388970110548459	0.00411621094840986	0.00400935825306558	0.00406584619337663	0.0035670070383518	0.00360283827588315	0.0036866905126686	0.00365634011004519	0.00371579745123063	0.00372199783381645	0.00376231025212657	0.00363718478315885	0.00352339518019196	0.00368008171886739	0.00351880472826509	0.00365788497072876	0.00359875770299721	0.00369086056770722	0.00367295148167302	0.0037105962042846
NC_083544.1_notrans.simple.vcf	5557897	5682409	5851043	5762940	5312209	5391785	5224655	5135434	5306983	5166601	5974434	5944155	5895925	5479958	5534266	5692917	5649636	5271575	5306040	5305144	5420048	5282973	5166694	5363065	5283254	5481248	5507420	5644592	5788824	5849099	5703023	5727670	5721755	5742558	5784234	5703213	5510506	5860728	5966457	5139824	5302046	5321944	5246624	5415408	5508539	5431038	5237973	5107471	5277910	4995892	5246181	5227609	5166231	5162056	5608090	23025	25203	24769	23102	19886	20512	19216	18789	19924	18984	24258	23863	23657	20942	20649	22256	22141	20089	19759	19877	20383	19322	18863	20185	19621	20604	20907	22947	23271	24522	22613	23181	22269	22716	23402	22257	22897	23270	24631	18626	19368	19355	19141	20466	20795	21011	19292	18376	19432	17406	19361	19396	18808	18894	21491	0.00414275399490131	0.00443526680321673	0.00423326234314121	0.00400871777252583	0.00374345211191804	0.0038043059951389	0.00367794619931842	0.00365869759011604	0.00375429881723759	0.00367436928069344	0.00406030094231521	0.00401453192253567	0.00401243231553997	0.00382156213606017	0.00373111809226373	0.00390941937147512	0.00391901354352741	0.0038108155532265	0.00372386940166301	0.00374674089902178	0.00376066780220397	0.00365741032558751	0.00365088391145286	0.00376370601512381	0.00371380970894074	0.00375899795083164	0.00379615137396458	0.00406530711165661	0.00401998747932223	0.00419244057930974	0.00396509009344693	0.00404719545644215	0.00389198768559646	0.00395572844018293	0.00404582525534064	0.0039025370435928	0.00415515380983162	0.00397049649804598	0.00412824562382667	0.00362385949402159	0.00365292945402586	0.00363682894821892	0.00364825076087023	0.00377921663520089	0.00377504815705217	0.00386868955805502	0.00368310413207552	0.00359786673287034	0.00368176039379224	0.00348406250575473	0.00369049409465667	0.00371030044519397	0.00364056504635584	0.00366016951385262	0.00383214249414685
NC_083545.1_notrans.simple.vcf	4794900	4780297	4994969	4947763	4631878	4714725	4575865	4494501	4631599	4604858	5107956	5094498	5047882	4749198	4802236	4905175	4863350	4593270	4642064	4611240	4679052	4624018	4519958	4655611	4614833	4762848	4757930	4868003	4990697	5000405	4923646	4923565	4930670	4965652	4956008	4943507	4807599	5016507	5047863	4499222	4636034	4637681	4573016	4705825	4803986	4710966	4594909	4504546	4610185	4405439	4579662	4579472	4459663	4489947	4869080	18912	20239	19547	18815	16366	16605	15919	15718	16353	16019	19393	19153	18842	17198	17653	18196	17998	16355	16365	16411	16533	15832	15733	16637	16232	17198	17075	18451	19029	19955	18305	18578	18371	18145	18844	18057	18776	19143	19521	15324	16122	16376	15690	16701	17168	16845	15793	15366	15968	14629	16026	15518	15503	15521	17657	0.00394419070262154	0.0042338373536205	0.00391333760029342	0.00380272862705833	0.00353334004047602	0.00352194454607639	0.00347890508133435	0.0034971624213678	0.00353074607711073	0.00347871747619579	0.00379662628260698	0.00375954608285252	0.00373265460642701	0.00362124299723869	0.00367599593189506	0.00370955164698507	0.00370074125859747	0.00356064415982514	0.00352537147268973	0.00355891257015467	0.00353340804932281	0.00342386210434302	0.00348078455596269	0.00357353739391027	0.00351735371572492	0.00361086475990836	0.00358874552589046	0.00379026060583775	0.00381289427108077	0.00399067675518283	0.00371777337363409	0.00377328216444792	0.00372586281377582	0.00365410222061474	0.00380225374938862	0.00365267005791637	0.00390548379762954	0.0038160018514875	0.00386718102293981	0.00340592217943458	0.00347754136401933	0.00353107512138071	0.00343099608660892	0.00354900575350762	0.00357369900744923	0.00357569976094075	0.00343706480367729	0.00341122057583606	0.00346363540725589	0.00332066792889426	0.00349938488910317	0.00338860025784632	0.00347627163756544	0.00345683367754675	0.00362635241154386
NC_083546.1_notrans.simple.vcf	4770454	4834782	5004271	4955252	4590792	4679651	4521266	4435010	4565045	4502354	5123853	5093766	5062893	4728547	4791473	4911326	4843450	4576122	4585645	4601069	4692840	4577928	4456172	4622620	4529065	4734287	4759865	4855759	4979925	5007066	4882301	4904130	4916489	4965549	4984331	4896979	4752541	5016071	5128974	4435868	4576725	4595834	4529036	4618948	4773874	4705365	4521596	4411861	4546245	4296512	4552591	4514356	4486756	4479576	4825572	18940	20574	20140	18636	16108	16740	15740	15505	15933	15651	20030	19283	19293	17042	17411	18558	17819	16435	16195	16107	16840	15719	15416	16042	15735	17019	17674	18466	19101	20623	18329	18799	18151	18718	19237	18075	18538	19249	20235	15138	15857	16271	15550	16464	17323	17021	15772	14928	15724	14728	15861	15144	15234	15874	17713	0.00397027201184625	0.00425541420481833	0.00402456221895257	0.00376085817633493	0.00350876275814718	0.00357718983744728	0.00348132580564824	0.00349604623213927	0.00349021751154698	0.00347618157079608	0.00390916757369893	0.00378560774091311	0.00381066714228407	0.00360406695756646	0.00363374686656901	0.0037786129448544	0.00367898915029576	0.00359146893373909	0.00353167329786758	0.00350070820498454	0.00358844537636058	0.00343364945888183	0.00345947149257255	0.00347032635172262	0.00347422702036734	0.00359483909615112	0.00371313051945801	0.00380290702236252	0.00383559993373394	0.00411877934103525	0.00375417246908783	0.00383329968822197	0.00369186222119077	0.00376957311266086	0.00385949488507083	0.00369105115623326	0.00390065019954588	0.00383746561801059	0.00394523349114267	0.00341263536245894	0.00346470456494546	0.00354038026612798	0.00343340172169089	0.00356444800850756	0.0036287090945425	0.00361736018353518	0.00348814887486631	0.00338360614715649	0.00345867853580262	0.00342789686145413	0.00348395012861907	0.00335463131396815	0.00339532615546734	0.00354363895154363	0.00367065292984956
NC_083547.1_notrans.simple.vcf	5666771	5751238	5990447	5917022	5563421	5671534	5439189	5395220	5572255	5466033	6157690	6158036	6129476	5856040	5869685	5979820	5858851	5599995	5577524	5624346	5652399	5501882	5379762	5575960	5533592	5713910	5700547	5804015	5932965	5965161	5882851	5914244	5917183	5972808	5989468	5909738	5586695	6065948	6144643	5398696	5641934	5638613	5460667	5629377	5788558	5681047	5564920	5360681	5591275	5265789	5580623	5524730	5508448	5468295	5743803	22263	24530	23859	22381	19588	20031	19155	18941	19583	18947	23647	23363	23884	20367	21437	22253	21656	20114	19604	19657	20336	19190	18575	19891	19315	20746	20757	21812	22931	23711	21877	22463	21946	22419	23105	21858	22004	23294	24551	18392	19553	19924	18990	19864	20666	20554	19312	18315	19416	17800	18599	19327	19245	19332	20578	0.0039286923717228	0.00426516864716779	0.00398284134723168	0.003782477063631	0.00352085524356327	0.0035318487026614	0.00352166471876598	0.00351070021241024	0.00351437613677048	0.00346631643094727	0.00384023879084527	0.00379390442017552	0.00389658104542705	0.00347794755500304	0.00365215509861262	0.00372134947205769	0.00369628788989513	0.00359178892124011	0.00351482127194791	0.00349498412793239	0.00359776441825851	0.00348789741401215	0.00345275497317539	0.00356727810099068	0.00349049948026526	0.00363078872435863	0.00364122951709722	0.00375808815104716	0.00386501521583222	0.00397491366955561	0.00371877513130963	0.00379811857610203	0.003708859435309	0.00375351091145069	0.00385760471547723	0.00369864112419197	0.00393864350926621	0.00384012523681377	0.00399551283939523	0.00340674859262311	0.00346565557129878	0.00353349307710957	0.00347759715067775	0.00352863203157294	0.00357014648553232	0.00361799506323394	0.00347031044471439	0.00341654353243552	0.00347255321907794	0.00338031014915334	0.00333278202093207	0.00349827050371692	0.0034937245481849	0.00353528842171097	0.0035826437640706
NC_083548.1_notrans.simple.vcf	4449871	4450276	4603471	4560845	4149318	4234546	4106836	4034819	4374044	4723007	4682305	4698788	4608272	4319910	4408558	4473604	4480580	4174025	4186351	4173568	4209745	4116437	4058443	4203828	4138843	4279466	4301471	4513867	4566713	4608696	4533302	4542951	4558336	4596371	4591060	4535004	4360881	4625295	4662031	4054817	4161012	4138870	4122474	4219873	4336645	4254120	4330714	4022005	4143301	4225707	4068489	4112968	4043441	4045413	4454825	19329	20618	19681	18771	15970	16443	15277	15263	16587	14648	19665	19290	19146	17190	16998	18064	18100	16433	16130	15915	16295	15538	15334	16096	15766	16503	16793	18626	18891	19858	18590	18969	18440	18442	19137	18076	18341	19277	19587	14853	16081	15903	15453	15820	16624	16783	16090	14777	15580	15377	15230	15409	15453	15187	17488	0.00434372142473344	0.00463297107864771	0.00427525230418526	0.00411568470316356	0.00384882527682863	0.00388306089956279	0.00371989531600483	0.00378282148468122	0.00379214292311646	0.00310141399324625	0.00419985455881238	0.00410531396606955	0.0041547026738005	0.00397924956769933	0.0038556825156888	0.00403790769142731	0.00403965558030434	0.00393696731572044	0.00385299751501964	0.0038132839814758	0.00387078077175696	0.00377462353972622	0.00377829625794917	0.00382889119155208	0.00380927713373037	0.00385632226076805	0.00390401330149616	0.0041263953944589	0.00413667335783965	0.00430881099556143	0.00410076363763102	0.00417547977074813	0.00404533584185106	0.00401229578726347	0.00416831842755268	0.00398588402568112	0.00420580153413955	0.00416773416614508	0.00420138776425983	0.00366305063829021	0.00386468484109154	0.00384235310604102	0.00374847724934105	0.00374892798906507	0.00383337810680837	0.00394511673389561	0.00371532269274766	0.00367403819736674	0.00376028678582608	0.00363891770063566	0.0037434044924295	0.00374644295798071	0.00382174489500403	0.0037541284412741	0.00392563119763403
NC_083549.1_notrans.simple.vcf	4864949	4972186	5185873	5071668	4657640	4756423	4583591	4554589	4661801	4546118	5279064	5240519	5234352	4842770	4946394	5062585	4975539	4703705	4712290	4675120	4822882	4641578	4557998	4698937	4653688	4871655	4847277	4981106	5072605	5154705	5043554	5065816	5067318	5098098	5137212	5040816	4844448	5195077	5301646	4522195	4690253	4697433	4596304	4708491	4853610	4772431	4620175	4491150	4652590	4356608	4616723	4600660	4635814	4571401	4868999	20266	22373	21867	20497	17922	18082	17377	16960	17379	16670	21744	21375	21049	18632	19068	20270	19735	18114	17457	17751	18369	17103	16873	17725	17417	18736	19113	20376	20521	21840	20054	20614	19922	20233	20856	19792	20215	21153	22825	16431	17686	17838	16813	17404	18573	18263	17115	16395	17388	15541	17093	17090	17265	17459	18856	0.00416571684513034	0.00449963054479458	0.00421664780452587	0.00404147116885411	0.00384787145421286	0.00380159628359378	0.00379113232397917	0.00372371689300615	0.00372795835772484	0.00366686478441607	0.00411891198894349	0.00407879448581333	0.00402131916233375	0.00384738486444741	0.00385492946983196	0.0040038833915875	0.00396640444382006	0.00385100681271466	0.00370456826723313	0.00379690788685638	0.0038087185214152	0.00368473825065527	0.00370184453788703	0.00377212973913036	0.00374262305509093	0.00384592094473028	0.003943038534831	0.00409065777761003	0.00404545593437691	0.00423690589471172	0.00397616442691007	0.00406923583485859	0.0039314682836167	0.00396873500666327	0.00405978962908286	0.00392634843247601	0.00417281803829869	0.00407173945641229	0.00430526670396326	0.0036334125352843	0.00377079871810753	0.00379739317197286	0.00365793907452597	0.00369630100174345	0.00382663625631231	0.00382677088469168	0.00370440513616908	0.00365051267492736	0.00373727321771314	0.00356722477670702	0.00370240969622826	0.00371468441484483	0.00372426503738071	0.00381917928442506	0.00387266458670458
NC_083550.1_notrans.simple.vcf	3799921	3819970	3935725	3889389	3537994	3627488	3464743	3448361	3530527	3443365	4020640	3981006	3929142	3675559	3714086	3842772	3746366	3546806	3556994	3540499	3626209	3525092	3448501	3561580	3513933	3678500	3675154	3846182	3925230	3942604	3879057	3887449	3884649	3915403	3912729	3886661	3753748	3980661	4029105	3413424	3560035	3535472	3488324	3589587	3698026	3605794	3458746	3404293	3507139	3331130	3489893	3478594	3427775	3458056	3834636	16967	18318	17456	16510	13908	14606	13346	13318	13776	12877	17308	16711	16651	14682	14854	16105	15446	14543	13656	13922	14561	13724	12954	13930	13645	14752	14887	16041	16473	17225	16334	16495	15922	16163	16827	16178	16449	16930	17677	12942	13827	13738	13288	13741	14503	14493	13257	12722	13458	12301	13259	13523	13355	13279	15832	0.00446509282692982	0.00479532561774045	0.0044352692324794	0.00424488267951599	0.00393104114930664	0.00402647782708034	0.00385194515148743	0.00386212464414254	0.00390196704344705	0.00373965583085151	0.00430478729754467	0.0041976826962833	0.00423782087794231	0.0039944944428861	0.00399936888914258	0.00419098504933418	0.00412292872613087	0.00410030884125041	0.0038391968049426	0.00393221407490865	0.00401548835160908	0.00389323172274653	0.00375641474368139	0.00391118548509369	0.0038831133092179	0.00401033029767568	0.00405071460951024	0.00417062947099227	0.00419669675407556	0.00436893991889624	0.00421081721665858	0.00424314248238369	0.00409869720533309	0.00412805527298212	0.00430057895652881	0.00416244174627013	0.00438202031676074	0.00425306249389235	0.00438732671399728	0.00379150085075865	0.00388395057913756	0.00388576122226396	0.00380927918392902	0.00382801698356942	0.00392182207480423	0.00401936438964622	0.00383289203659361	0.00373704613557059	0.00383731582922718	0.00369274090173605	0.00379925688266087	0.00388749017562843	0.00389611336800111	0.00384001878512089	0.00412868392202024
NC_083551.1_notrans.simple.vcf	3320465	3387510	3487324	3415229	3011149	3110113	2997351	2937245	3030703	2928894	3504887	3489142	3452118	3169648	3209742	3324778	3282244	3072197	3007738	3068392	3140407	2994761	2930415	3083765	3012336	3165175	3193958	3398493	3438095	3502905	3388453	3437476	3388693	3389041	3448362	3383673	3256146	3484042	3556681	2892218	3032991	3023575	2958496	3070990	3177798	3162333	2955654	2919784	3003299	2776200	3003390	3004250	2968720	2976168	3313921	15409	16663	16348	15125	12525	13129	12323	11958	12648	12031	15820	15638	15456	13450	13911	14622	14221	13222	12264	13082	13313	12360	11820	12851	12444	13296	13636	15155	15206	16328	15153	15317	14953	15081	15484	14509	14974	15742	16350	11666	12315	12558	12086	12785	13421	13487	11864	11758	12246	11067	12505	12304	12414	12268	13946	0.0046406150945726	0.00491895226877559	0.00468783514236131	0.00442869277579922	0.0041595417563196	0.00422139002666463	0.00411129694186633	0.00407116192214133	0.00417328916756277	0.00410769389400914	0.00451369758853852	0.00448190414720868	0.00447725135699301	0.00424337339666739	0.00433399319945341	0.00439788761836129	0.00433270652638865	0.00430376046848558	0.0040774828126652	0.00426347089941572	0.00423925943357023	0.0041272074799959	0.00403355838678139	0.00416730846870627	0.0041310132734197	0.00420071560024327	0.00426931099281831	0.00445932947338717	0.00442279809022147	0.00466127399972309	0.00447195224487399	0.00445588565563803	0.00441261571939388	0.00444993141127534	0.00449024783360912	0.00428794390001634	0.00459868814236217	0.00451831522122868	0.00459698241141109	0.00403358253077742	0.00406034834920381	0.00415336150087231	0.00408518382313175	0.00416315259899902	0.00422336473243422	0.00426488924474431	0.00401400163889278	0.00402701021719415	0.00407751609147141	0.00398638426626324	0.00416362843320381	0.00409553133061496	0.00418160015090679	0.00412207912994159	0.0042083079228503
NC_083552.1_notrans.simple.vcf	2866046	2848601	2957987	2941691	2640400	2714332	2638974	2547290	2647875	2613662	2981038	2960664	2923319	2747066	2769756	2855790	2832302	2643482	2682963	2643460	2712903	2647059	2601059	2661105	2618963	2734045	2753408	2918195	2962000	2970171	2888675	2926666	2916755	2930125	2929969	2912470	2877375	2951985	2973799	2571575	2654844	2659674	2611179	2690721	2761406	2696685	2593849	2559835	2615005	2470262	2625121	2602560	2532729	2595604	2925288	12489	13175	13168	12180	10086	10720	10292	9687	10501	9998	12639	12212	12206	10716	10969	11552	11498	10628	10351	10238	10745	10208	10024	10343	10089	10897	11091	12169	12523	13276	11996	12057	11805	11960	12045	11728	12498	12407	12727	9592	10169	10343	9884	10385	11003	10641	9998	9453	9816	9153	10196	9735	9629	10019	11599	0.00435757137184818	0.00462507736253691	0.00445167608917822	0.00414047566518713	0.00381987577639752	0.00394940633643932	0.00390000053050921	0.00380286500555492	0.00396582164943587	0.00382528421808176	0.00423979835211762	0.00412475039383057	0.00417539105379878	0.00390088916684201	0.00396027664530738	0.00404511536212397	0.0040595953397625	0.00402045483948822	0.00385804798649851	0.00387295438554016	0.00396070187544486	0.0038563552984652	0.00385381492692015	0.00388673126389226	0.00385228810029008	0.00398566958480932	0.00402809899586258	0.004170043468651	0.00422788656313302	0.00446977631927589	0.00415276900308965	0.0041197048108667	0.00404730599587555	0.00408173712725566	0.00411096499655798	0.0040268225938808	0.00434354229115079	0.00420293463550797	0.00427971090177917	0.00373000981888531	0.00383035688725967	0.00388882246470808	0.00378526328528224	0.00385956031859119	0.00398456438495462	0.00394595586803798	0.00385450348112014	0.00369281613854018	0.00375372131219634	0.00370527498702567	0.0038840114417583	0.00374054776835116	0.00380182798870309	0.00385998788721238	0.0039650796776249
NC_083553.1_notrans.simple.vcf	3059721	3060054	3189743	3145466	2743388	2833533	2706051	2665847	2745918	2696728	3176751	3191311	3108013	2908086	2934999	3011370	2984792	2815012	2790758	2784476	2819788	2769122	2686581	2797800	2738824	2856484	2882877	3138556	3160216	3193123	3113617	3145594	3134718	3154240	3176569	3110350	3047753	3196664	3183606	2657000	2762797	2722529	2712687	2838947	2882348	2838670	2680729	2666160	2744301	2555954	2716247	2750970	2686374	2697514	3108945	15067	15704	15755	14893	12205	12683	11468	11537	12064	11600	15339	15066	14699	13127	13031	14019	13826	12644	12093	11962	12359	12211	11374	12274	11549	12384	12966	15007	14918	15589	14507	14696	14542	14710	14803	14222	14920	15057	15401	11566	12025	11885	11597	12469	12839	12883	11610	11319	11870	10884	11856	11806	11890	11515	14447	0.00492430518991764	0.00513193558022179	0.00493926940195495	0.00473475154396837	0.00444887853996591	0.00447603751218002	0.00423790978070997	0.00432770522839458	0.00439343053944073	0.00430150908805041	0.00482851819358835	0.00472094383781462	0.00472938819753971	0.00451396554297225	0.00443986522652989	0.00465535620000199	0.00463214857182678	0.00449163271772909	0.00433323132998275	0.00429596089174408	0.00438295361211552	0.00440970098103298	0.00423363375234173	0.00438701837157767	0.00421677333045132	0.00433539974318078	0.00449759042789547	0.00478149824314111	0.00472056340452678	0.00488205433990485	0.00465921145728585	0.0046719315970211	0.00463901378050593	0.00466356396469514	0.00466005932816193	0.00457247576639285	0.00489540983143975	0.00471022290738094	0.00483759610956883	0.00435302973278133	0.00435247323636156	0.00436542641051757	0.00427509697948934	0.00439212144502874	0.00445435457481192	0.00453839297981097	0.00433091147967586	0.00424543163201008	0.00432532728734931	0.0042582925983801	0.00436484605413278	0.00429157715278611	0.0044260404545309	0.00426874522245297	0.00464691398529083
NC_083554.1_notrans.simple.vcf	3533632	3572428	3714927	3649103	3286047	3342334	3228713	3170070	3288316	3218619	3756714	3740534	3678263	3440710	3479147	3576076	3528607	3302687	3293703	3304953	3381586	3298937	3223390	3324288	3266052	3409093	3414316	3603112	3680324	3710697	3607759	3619001	3622953	3621732	3671921	3620486	3503838	3700990	3768341	3163873	3287120	3307725	3240145	3342175	3470202	3384614	3230611	3159025	3264242	3042147	3234525	3232205	3200579	3229062	3576057	15648	16851	16743	15640	13138	13267	12951	12165	13103	12843	16732	15934	15592	13652	14367	14837	14902	13322	12968	13108	13452	12850	12642	13313	13085	13595	14048	15453	15839	16643	15057	15449	15222	15109	15747	15164	15584	15994	16443	12490	13045	12980	12480	13274	14064	13699	12642	12202	12684	11462	12818	12754	12552	12813	14967	0.0044283049281872	0.00471696000591195	0.00450695262652537	0.00428598480229251	0.0039981168863379	0.00396938187506096	0.0040111957922553	0.00383745469342948	0.00398471436443456	0.00399022065053366	0.00445389241768205	0.00425981958725679	0.00423895735568664	0.00396778571864528	0.00412946046832744	0.0041489610399779	0.00422319629247462	0.00403368529927299	0.00393720988200818	0.00396616835398264	0.00397801504974293	0.00389519411859032	0.00392195793869187	0.00400476733664472	0.00400636609582456	0.00398786422077661	0.00411444049115548	0.00428879257708337	0.0043036971744879	0.00448514120123524	0.00417350493755265	0.00426885762120541	0.00420154498278062	0.00417176091439124	0.00428849095609628	0.00418838796780322	0.00444769421417314	0.00432154639704511	0.00436345861481219	0.00394769322283164	0.00396851955511207	0.00392414726133521	0.00385167947730734	0.00397166515816796	0.00405279001049507	0.00404743347395006	0.00391319165321978	0.00386258418341102	0.00388574131452264	0.00376773377486361	0.00396286935485118	0.00394591308410203	0.00392179040104931	0.00396802538941649	0.00418533597199373
NC_083555.1_notrans.simple.vcf	2622550	2667032	2722069	2683828	2310309	2377750	2290178	2218853	2317526	2268505	2714378	2702116	2681816	2449595	2472709	2580520	2542328	2379489	2348514	2367194	2394195	2314819	2272857	2371245	2312951	2421066	2451995	2656829	2697888	2735565	2635790	2663714	2651283	2657035	2681150	2633344	2588443	2715921	2757313	2232107	2317255	2342639	2286946	2359034	2449634	2414096	2254507	2227485	2300392	2119012	2308647	2291016	2298169	2303148	2614885	12728	13703	13362	12695	10386	10526	10114	9418	9942	9820	12851	12654	12698	11070	11077	12159	11696	10622	10405	10363	10357	9897	9888	10429	9921	10856	11126	12512	12970	13520	12345	12613	12423	12237	12920	11924	12499	12601	13109	9544	9855	10145	9716	10309	10959	10714	9617	9560	9977	8737	9981	9876	10126	9761	11918	0.00485329164362929	0.00513792110480864	0.00490876608932397	0.00473018390150188	0.00449550254965894	0.004426874145726	0.00441625061458105	0.00424453535227435	0.00428991950899364	0.00432884212289592	0.0047344179771572	0.00468299658489865	0.00473485130970954	0.00451911438421453	0.00447970222132891	0.00471184102428968	0.00460050788096579	0.0044639836536332	0.00443046113414695	0.00437775695612611	0.00432587988864733	0.00427549626990274	0.00435047167507679	0.00439811154056203	0.00428932562773703	0.00448397524065845	0.00453752964422848	0.0047093734673929	0.00480746420904055	0.00494230625117663	0.00468360529480725	0.0047351179593605	0.00468565596354671	0.00460550952471458	0.0048188277418272	0.00452808292422107	0.00482877158198964	0.00463967840007128	0.004754266200464	0.00427578068614094	0.00425287678740579	0.00433058614664914	0.00424846061078836	0.00437000907998783	0.00447372954490344	0.00443810022468038	0.00426567759603319	0.00429183585972521	0.00433708689649416	0.00412314795763309	0.00432331144605477	0.00431075121256246	0.00440611634740526	0.0042381123575211	0.00455775301781914
NC_083556.1_notrans.simple.vcf	1812827	1775373	1865377	1825912	1548672	1611250	1540955	1508929	1554249	1543018	1825858	1839576	1771421	1656723	1671700	1731528	1675459	1579960	1594622	1580708	1571425	1589489	1521066	1566578	1563179	1620577	1598832	1835164	1855250	1851462	1866138	1862110	1825026	1825496	1842001	1804842	1802686	1857653	1845308	1503768	1578534	1576304	1557116	1595860	1642007	1588139	1537548	1536028	1561569	1464311	1540189	1577401	1499918	1539465	1824656	8978	9368	9220	8765	6868	7304	6822	6598	6820	6695	8762	8731	8464	7464	7562	8055	7895	7097	6887	7099	7018	7133	6623	6931	6921	7367	7107	8954	9169	9147	8809	8803	8675	8638	8743	8295	9044	9103	9043	6582	6839	6961	6817	6951	7486	7145	6728	6584	6832	6207	6870	6827	6606	6716	8536	0.00495248581359391	0.00527663764178007	0.00494270059081891	0.0048003408707539	0.00443476733614348	0.00453312645461598	0.00442712473758156	0.00437263781132181	0.00438797129674846	0.00433889948140592	0.00479883977833983	0.00474620238576715	0.00477808493858885	0.00450527939794401	0.0045235389124843	0.00465196058048152	0.00471214156837022	0.00449188587052837	0.00431889187531591	0.00449102554045402	0.00446601015002307	0.00448760576512326	0.00435418318468758	0.00442429294934564	0.00442751597865631	0.00454591173390712	0.00444511993755441	0.00487912796894447	0.00494219107936936	0.00494042005723045	0.0047204440400442	0.00472743285842405	0.00475335693847649	0.0047318646548664	0.0047464686501256	0.00459597017356644	0.00501695802818683	0.00490026931832802	0.00490053692933646	0.00437700496353161	0.00433250091540632	0.00441602635024716	0.00437796541811914	0.0043556452320379	0.00455905486395612	0.00449897647498109	0.00437579834905967	0.00428638019619434	0.00437508685174975	0.00423885363150314	0.00446049153707759	0.00432800537086004	0.00440424076516183	0.00436255452381184	0.00467814207171105
NC_083557.1_notrans.simple.vcf	1614607	1593723	1667423	1659101	1380401	1425604	1359852	1326451	1357296	1350048	1619451	1638858	1595130	1484567	1484531	1537854	1515159	1399343	1396711	1400284	1426099	1400769	1329381	1398951	1374113	1443030	1430466	1667703	1662155	1656643	1671681	1673816	1622187	1646370	1671644	1636092	1628092	1681872	1643950	1341729	1382352	1362186	1354681	1407932	1447382	1427694	1333955	1331579	1364993	1269304	1362585	1385663	1318770	1353080	1664700	8958	9424	8830	8932	6926	7269	6645	6519	6519	6713	8554	8635	8486	7481	7557	7902	7828	7170	7178	7098	7250	6854	6576	6996	6695	7129	7198	8746	8813	9207	8828	8701	8383	8427	8778	8469	9043	8828	8786	6655	6688	6702	6500	7107	7151	7066	6453	6374	6596	6251	6672	6856	6391	6645	8547	0.00554809932076351	0.00591319821575016	0.00529559685814577	0.00538363848855495	0.0050173826301198	0.00509889141725192	0.0048865611845995	0.00491461802961436	0.00480293171128479	0.00497241579558653	0.00528203693720897	0.005268912864934	0.00531994257521331	0.00503917977430456	0.00509049659454737	0.00513832912617192	0.00516645447771488	0.00512383311311094	0.00513921634468405	0.00506897172287907	0.00508379853011607	0.00489302661609445	0.00494666314623122	0.00500088995254301	0.00487223394291445	0.00494029923147821	0.00503192665886501	0.00524433906996629	0.00530215292797603	0.00555762466626787	0.00528091184861226	0.00519830136645844	0.00516771494285184	0.00511853350097487	0.00525111806102256	0.00517635927563976	0.00555435442223167	0.00524891311586137	0.00534444478238389	0.00496001800661684	0.00483813095362107	0.00492003294704247	0.00479817757833763	0.00504782901446945	0.00494064455686198	0.00494923982309935	0.0048374945181809	0.00478679822977082	0.00483225921305091	0.00492474616010034	0.00489657525952509	0.00494781198603124	0.00484618242756508	0.00491101782599698	0.00513425842494143
NC_083558.1_notrans.simple.vcf	1262208	1209870	1303970	1296285	1085612	1159529	1098258	1069159	1089479	1076102	1252865	1278669	1243579	1171684	1160790	1208261	1216606	1114099	1129090	1119913	1128861	1110763	1085008	1109722	1127385	1155785	1136536	1323832	1308583	1290127	1328599	1312755	1307357	1295911	1300361	1297413	1302946	1300867	1272451	1062152	1101876	1105387	1060700	1110388	1165105	1114139	1078122	1092889	1093935	1036312	1075285	1098914	1052504	1087032	1289706	7091	6867	7043	6808	5367	5904	5396	5274	5370	5129	6515	6713	6455	5939	5950	6302	6074	5760	5509	5517	5615	5344	5218	5307	5592	5828	5733	6987	6978	7063	7009	6904	6776	6829	6690	6595	7122	6804	6603	5120	5218	5427	5218	5577	5698	5584	5338	5267	5283	4998	5433	5225	4947	5368	6542	0.00561793301896359	0.00567581641002752	0.00540119788031933	0.00525193148111719	0.00494375522746617	0.0050917225873609	0.00491323532357606	0.00493284908979862	0.00492896145772429	0.00476627680275662	0.00520008141340049	0.00524999041972551	0.00519066339975185	0.0050687728090509	0.0051258194850059	0.00521576050207695	0.00499257771209414	0.00517009709191014	0.00487915046630472	0.00492627552318796	0.00497404020512711	0.00481110731992333	0.00480918113046171	0.00478227880496196	0.00496015114623664	0.00504246031917701	0.00504427488438554	0.0052778600305779	0.00533248559701601	0.00547465482080446	0.00527548191741827	0.00525916869484405	0.00518297603485506	0.00526965200542321	0.00514472519554185	0.00508319247610437	0.0054660745725456	0.0052303579074571	0.00518919785516299	0.0048204023529589	0.00473556008117066	0.00490959274896484	0.00491939285377581	0.00502256868770196	0.00489054634560834	0.00501194195697305	0.00495120218305535	0.00481933663894503	0.00482935457773999	0.00482287187642332	0.00505261395815993	0.00475469417989033	0.0047002196666236	0.00493821709020526	0.00507247388164434
